service_id,monday,tuesday,wednesday,thursday,friday,saturday,sunday,start_date,end_date
BUS223-hbb23017-Su-02,0,0,0,0,0,0,1,20230625,20230625
BUS223-hbc23017-Su-02,0,0,0,0,0,0,1,20230625,20230625
BUS223-hbg23017-Su-02,0,0,0,0,0,0,1,20230625,20230625
BUS223-hbl23017-Su-02,0,0,0,0,0,0,1,20230625,20230625
BUS223-hbq23017-Su-02,0,0,0,0,0,0,1,20230625,20230625
BUS223-hbs23017-Su-02,0,0,0,0,0,0,1,20230625,20230625
BUS223-hbt23017-Su-02,0,0,0,0,0,0,1,20230625,20230625
BUS323-hbb33j47-Su-02,0,0,0,0,0,0,0,20230704,20230704
BUS323-hbc33j47-Su-02,0,0,0,0,0,0,0,20230704,20230704
BUS323-hbg33j47-Su-02,0,0,0,0,0,0,0,20230704,20230704
BUS323-hbl33j47-Su-02,0,0,0,0,0,0,0,20230704,20230704
BUS323-hbq33j47-Su-02,0,0,0,0,0,0,0,20230704,20230704
BUS323-hbs33j47-Su-02,0,0,0,0,0,0,0,20230704,20230704
BUS323-hbt33j47-Su-02,0,0,0,0,0,0,0,20230704,20230704
Boat-EastBoston-Sa-Smr-23,0,0,0,0,0,1,0,20230624,20230826
Boat-EastBoston-Su-Smr-22,0,0,0,0,0,0,1,20230625,20230820
Boat-EastBoston-Wdy-Smr-23,1,1,1,1,1,0,0,20230622,20230825
Boat-F1-Sa-Smr-23,0,0,0,0,0,1,0,20230624,20230826
Boat-F1-Su-Smr-23,0,0,0,0,0,0,1,20230625,20230820
Boat-F1-Wdy-Smr-23,1,1,1,1,1,0,0,20230622,20230825
Boat-F4-Sa-Smr-23,0,0,0,0,0,1,0,20230624,20230826
Boat-F4-Su-Smr-23,0,0,0,0,0,0,1,20230625,20230820
Boat-F4-Wdy-Smr-23,1,1,1,1,1,0,0,20230622,20230825
Boat-F6-Wdy-Smr-23,1,1,1,1,1,0,0,20230705,20230825
Boat-Lynn-Wdy-Smr-23,1,1,1,1,1,0,0,20230626,20230825
CR-Newburyport-LynnShuttleWtr-Snd,0,0,0,0,0,0,1,20230625,20230625
CR-Newburyport-LynnShuttleWtr-Std,0,0,0,0,0,1,0,20230624,20230701
CR-Newburyport-LynnShuttleWtr-Wkd,1,1,1,1,1,0,0,20230622,20230630
Green-SprGovtMed-Snd,0,0,0,0,0,0,1,20230625,20230625
Green-SprGovtMed-Std,0,0,0,0,0,1,0,20230624,20230624
IncD,0,0,0,0,0,0,0,20230704,20230704
LRV223-hlb23011-Wdy-01,1,1,1,1,1,0,0,20230626,20230630
LRV223-hlb23011-Wdy-01-a7ff951f,0,0,0,1,1,0,0,20230622,20230623
LRV223-hlb23016-Sa-01,0,0,0,0,0,1,0,20230701,20230701
LRV223-hlb23016-Sa-01-68e3517c,0,0,0,0,0,1,0,20230624,20230624
LRV223-hlb23017-Su-01,0,0,0,0,0,0,1,20230625,20230625
LRV223-hlm23017-Su-01,0,0,0,0,0,0,1,20230625,20230625
LRV323-hlb33j41-Wdy-01,0,0,0,0,0,0,0,20230704,20230704
LRV323-hlm33j41-Wdy-01,0,0,0,0,0,0,0,20230704,20230704
PRIV223-hpj13017-Su-01,0,0,0,0,0,0,1,20230625,20230625
PRIV223-hpp23017-Su-01,0,0,0,0,0,0,1,20230625,20230625
PRIV323-hpj33017-Su-01,0,0,0,0,0,0,1,20230702,20230820
PRIV323-hpp33hl7-Su-01,0,0,0,0,0,0,0,20230704,20230704
RTL223-hmb23017-Su-01,0,0,0,0,0,0,1,20230625,20230625
RTL223-hmo23sp1-Wdy-01,1,1,1,1,1,0,0,20230626,20230630
RTL223-hmo23sp1-Wdy-01-HOL,0,0,0,1,1,0,0,20230622,20230623
RTL223-hmo23sp6-Sa-01,0,0,0,0,0,1,0,20230701,20230701
RTL223-hmo23sp6-Sa-01-HOL,0,0,0,0,0,1,0,20230624,20230624
RTL223-hmo23sp7-Su-01,0,0,0,0,0,0,1,20230625,20230625
RTL223-hms23sp1-Wdy-01,0,0,0,0,1,0,0,20230623,20230630
RTL223-hms23sp1-Wdy-01-JFKNrhQncSsd,1,1,1,1,0,0,0,20230622,20230629
RTL223-hms23sp7-Su-01,0,0,0,0,0,0,1,20230625,20230625
RTL323-hmb33j41-Wdy-01,0,0,0,0,0,0,0,20230704,20230704
RTL323-hmo33j41-Wdy-01,0,0,0,0,0,0,0,20230704,20230704
RTL323-hms33011-Wdy-01,1,1,1,1,1,0,0,20230710,20230825
RTL323-hms33011-Wdy-01-BrrNQnc,0,0,0,0,1,0,0,20230714,20230714
RTL323-hms33016-Sa-01,0,0,0,0,0,1,0,20230708,20230826
RTL323-hms33016-Sa-01-BrrNQnc,0,0,0,0,0,1,0,20230715,20230715
RTL323-hms33017-Su-01,0,0,0,0,0,0,1,20230702,20230820
RTL323-hms33017-Su-01-BrrNQnc,0,0,0,0,0,0,1,20230716,20230716
RTL323-hms33j41-Wdy-01,0,0,0,0,0,0,0,20230704,20230704
RTL323-hms33sp1-Wdy-01,1,0,1,1,1,0,0,20230703,20230707
SPR23-S-Sa-61ES,0,0,0,0,0,1,0,20230701,20230701
SPR23-S-Sa-61LC,0,0,0,0,0,1,0,20230722,20230722
SPR23-S-Sa-C1-S49,0,0,0,0,0,1,0,20230624,20230826
SPR23-S-Wdy-1-S859962ef-MDLBrnSthDnc,1,1,1,1,1,0,0,20230622,20230630
SPR23-S-Wdy-1-S8f,1,1,1,1,1,0,0,20230703,20230825
SPR23-S-Wdy-1-Sb6,1,1,1,1,1,0,0,20230703,20230825
SPR23-S-Wdy-1-Sb7371956-GRBBrnSthTrkDnc,1,1,1,1,1,0,0,20230622,20230630
SPR23-S-Wdy-1-Sc0,1,1,1,1,1,0,0,20230703,20230825
SPR23-S-Wdy-1-Sc9a3b080-KNGBrnSthTrkDnc,1,1,1,1,1,0,0,20230622,20230630
SPR23-S-Wdy-C1-S49,0,0,0,0,1,0,0,20230623,20230825
SmrSnd,0,0,0,0,0,0,1,20230702,20230820
SmrStd,0,0,0,0,0,1,0,20230708,20230826
SmrWkd,1,1,1,1,1,0,0,20230703,20230825
SpgStd,0,0,0,0,0,1,0,20230624,20230701
SpgWkd,1,1,1,1,1,0,0,20230622,20230630
SprSnd,0,0,0,0,0,0,1,20230625,20230820
SprStd,0,0,0,0,0,1,0,20230624,20230826
SprWkd,1,1,1,1,1,0,0,20230622,20230825
canonical,0,0,0,0,0,0,0,20230622,20230826
