added_route_id,trip_id
32,55888991
33,55888991
32,55889017
33,55889017
32,55806032
33,55806032
32,57591022
33,57591022
32,57591048
33,57591048
32,57429513
33,57429513
40,55889693
50,55889693
40,55889798
50,55889798
40,55805580
50,55805580
40,55805581
50,55805581
40,55805583
50,55805583
40,55805586
50,55805586
40,55808524
50,55808524
40,55808525
50,55808525
40,55808526
50,55808526
40,55808527
50,55808527
40,55808528
50,55808528
40,55808529
50,55808529
40,55808530
50,55808530
40,55808531
50,55808531
40,57591660
50,57591660
40,57591747
50,57591747
40,57429072
50,57429072
40,57429073
50,57429073
40,57429075
50,57429075
40,57429078
50,57429078
40,57520713
50,57520713
40,57520714
50,57520714
40,57520715
50,57520715
40,57520716
50,57520716
40,57520717
50,57520717
40,57520718
50,57520718
40,57520719
50,57520719
40,57520720
50,57520720
40,57564899
50,57564899
40,57564900
50,57564900
40,57564901
50,57564901
40,57564902
50,57564902
40,57564903
50,57564903
40,57564904
50,57564904
40,57564905
50,57564905
40,57564906
50,57564906
40,55889669
50,55889669
40,55889680
50,55889680
40,55805582
50,55805582
40,55805584
50,55805584
40,55805585
50,55805585
40,55805587
50,55805587
40,55808523
50,55808523
40,55808532
50,55808532
40,55808533
50,55808533
40,55808534
50,55808534
40,55808535
50,55808535
40,55808536
50,55808536
40,55808537
50,55808537
40,55808538
50,55808538
40,57591637
50,57591637
40,57591648
50,57591648
40,57429074
50,57429074
40,57429076
50,57429076
40,57429077
50,57429077
40,57429079
50,57429079
40,57520712
50,57520712
40,57520721
50,57520721
40,57520722
50,57520722
40,57520723
50,57520723
40,57520724
50,57520724
40,57520725
50,57520725
40,57520726
50,57520726
40,57520727
50,57520727
40,57564898
50,57564898
40,57564907
50,57564907
40,57564908
50,57564908
40,57564909
50,57564909
40,57564910
50,57564910
40,57564911
50,57564911
40,57564912
50,57564912
40,57564913
50,57564913
441,55970618
442,55970618
441,55970626
442,55970626
441,55970627
442,55970627
441,55970647
442,55970647
441,55970652
442,55970652
441,55970658
442,55970658
441,55970661
442,55970661
441,55970665
442,55970665
441,55970668
442,55970668
441,55970673
442,55970673
441,55970674
442,55970674
441,55970679
442,55970679
441,55970686
442,55970686
441,55970689
442,55970689
441,55970695
442,55970695
441,55970705
442,55970705
441,55970715
442,55970715
441,55970718
442,55970718
441,55970722
442,55970722
441,55971023
442,55971023
441,55971027
442,55971027
441,55971029
442,55971029
441,55971030
442,55971030
441,55971031
442,55971031
441,55971032
442,55971032
441,55971035
442,55971035
441,55958767
442,55958767
441,55958787
442,55958787
441,57382443
442,57382443
441,57382445
442,57382445
441,57382447
442,57382447
441,57382451
442,57382451
441,57382457
442,57382457
441,57382459
442,57382459
441,57382460
442,57382460
441,57382463
442,57382463
441,57382479
442,57382479
441,57382486
442,57382486
441,57382498
442,57382498
441,57382508
442,57382508
441,57382589
442,57382589
441,57380647
442,57380647
441,57380666
442,57380666
441,57383358
442,57383358
441,57383377
442,57383377
441,55970633
442,55970633
441,55970637
442,55970637
441,55970639
442,55970639
441,55970641
442,55970641
441,55970644
442,55970644
441,55970645
442,55970645
441,55970648
442,55970648
441,55970655
442,55970655
441,55970657
442,55970657
441,55970659
442,55970659
441,55970669
442,55970669
441,55970676
442,55970676
441,55970682
442,55970682
441,55970684
442,55970684
441,55970685
442,55970685
441,55970690
442,55970690
441,55970693
442,55970693
441,55970700
442,55970700
441,55970713
442,55970713
441,55970749
442,55970749
441,55971024
442,55971024
441,55971025
442,55971025
441,55971026
442,55971026
441,55971028
442,55971028
441,55971033
442,55971033
441,55971034
442,55971034
441,55958766
442,55958766
441,55958769
442,55958769
441,55958809
442,55958809
441,57382444
442,57382444
441,57382446
442,57382446
441,57382449
442,57382449
441,57382450
442,57382450
441,57382454
442,57382454
441,57382455
442,57382455
441,57382456
442,57382456
441,57382480
442,57382480
441,57382482
442,57382482
441,57382490
442,57382490
441,57382500
442,57382500
441,57382509
442,57382509
441,57382515
442,57382515
441,57382537
442,57382537
441,57380646
442,57380646
441,57380649
442,57380649
441,57380688
442,57380688
441,57383357
442,57383357
441,57383360
442,57383360
441,57383399
442,57383399
62,55914386
76,55914386
62,55914398
76,55914398
62,55914401
76,55914401
62,55914424
76,55914424
62,55914425
76,55914425
62,55914426
76,55914426
62,55914431
76,55914431
62,55914436
76,55914436
62,55914412
76,55914412
62,55914440
76,55914440
62,55917671
76,55917671
62,55917673
76,55917673
62,55917675
76,55917675
62,55917677
76,55917677
62,55917679
76,55917679
62,55917681
76,55917681
62,55917684
76,55917684
62,55917686
76,55917686
62,55917688
76,55917688
62,55917690
76,55917690
62,55917692
76,55917692
62,55917694
76,55917694
62,57384499
76,57384499
62,57384509
76,57384509
62,57384512
76,57384512
62,57384530
76,57384530
62,57384531
76,57384531
62,57384532
76,57384532
62,57384537
76,57384537
62,57384541
76,57384541
62,57384521
76,57384521
62,57384545
76,57384545
62,57232267
76,57232267
62,57232269
76,57232269
62,57232271
76,57232271
62,57232273
76,57232273
62,57232275
76,57232275
62,57232277
76,57232277
62,57232280
76,57232280
62,57232282
76,57232282
62,57232284
76,57232284
62,57232286
76,57232286
62,57232288
76,57232288
62,57232290
76,57232290
62,55914384
76,55914384
62,55914404
76,55914404
62,55914430
76,55914430
62,55914434
76,55914434
62,55914441
76,55914441
62,55914397
76,55914397
62,55914400
76,55914400
62,55914429
76,55914429
62,55914432
76,55914432
62,55914439
76,55914439
62,55917672
76,55917672
62,55917674
76,55917674
62,55917676
76,55917676
62,55917678
76,55917678
62,55917680
76,55917680
62,55917682
76,55917682
62,55917683
76,55917683
62,55917685
76,55917685
62,55917687
76,55917687
62,55917689
76,55917689
62,55917691
76,55917691
62,55917693
76,55917693
62,57384497
76,57384497
62,57384514
76,57384514
62,57384536
76,57384536
62,57384540
76,57384540
62,57384546
76,57384546
62,57384508
76,57384508
62,57384511
76,57384511
62,57384535
76,57384535
62,57384538
76,57384538
62,57384544
76,57384544
62,57232268
76,57232268
62,57232270
76,57232270
62,57232272
76,57232272
62,57232274
76,57232274
62,57232276
76,57232276
62,57232278
76,57232278
62,57232279
76,57232279
62,57232281
76,57232281
62,57232283
76,57232283
62,57232285
76,57232285
62,57232287
76,57232287
62,57232289
76,57232289
741,56105530
742,56105530
743,56105530
741,56105538
742,56105538
743,56105538
741,56105539
742,56105539
743,56105539
741,56105565
742,56105565
743,56105565
741,56105577
742,56105577
743,56105577
741,56105593
742,56105593
743,56105593
741,56105635
742,56105635
743,56105635
741,56105667
742,56105667
743,56105667
741,56105673
742,56105673
743,56105673
741,56105728
742,56105728
743,56105728
741,56106430
742,56106430
743,56106430
741,56106431
742,56106431
743,56106431
741,56106432
742,56106432
743,56106432
741,56106433
742,56106433
743,56106433
741,56106434
742,56106434
743,56106434
741,56106435
742,56106435
743,56106435
741,56106440
742,56106440
743,56106440
741,56106680
742,56106680
743,56106680
741,56106681
742,56106681
743,56106681
741,56106684
742,56106684
743,56106684
741,56106686
742,56106686
743,56106686
741,56106688
742,56106688
743,56106688
741,56106690
742,56106690
743,56106690
741,56106691
742,56106691
743,56106691
741,56106693
742,56106693
743,56106693
741,56106696
742,56106696
743,56106696
741,56106698
742,56106698
743,56106698
741,56106700
742,56106700
743,56106700
741,56106701
742,56106701
743,56106701
741,56106703
742,56106703
743,56106703
741,56106705
742,56106705
743,56106705
741,56106707
742,56106707
743,56106707
741,56106709
742,56106709
743,56106709
741,56106711
742,56106711
743,56106711
741,56106713
742,56106713
743,56106713
741,56106715
742,56106715
743,56106715
741,56106717
742,56106717
743,56106717
741,56106719
742,56106719
743,56106719
741,56106721
742,56106721
743,56106721
741,56106723
742,56106723
743,56106723
741,56106725
742,56106725
743,56106725
741,56106826
742,56106826
743,56106826
741,56106827
742,56106827
743,56106827
741,56106828
742,56106828
743,56106828
741,56106829
742,56106829
743,56106829
741,56106830
742,56106830
743,56106830
741,56108974
742,56108974
743,56108974
741,56108975
742,56108975
743,56108975
741,56108978
742,56108978
743,56108978
741,56108980
742,56108980
743,56108980
741,56108981
742,56108981
743,56108981
741,56108982
742,56108982
743,56108982
741,56108985
742,56108985
743,56108985
741,56108987
742,56108987
743,56108987
741,56108992
742,56108992
743,56108992
741,56109003
742,56109003
743,56109003
741,55946917
742,55946917
743,55946917
741,55946926
742,55946926
743,55946926
741,55946927
742,55946927
743,55946927
741,55946928
742,55946928
743,55946928
741,55946929
742,55946929
743,55946929
741,55946930
742,55946930
743,55946930
741,55946931
742,55946931
743,55946931
741,55946932
742,55946932
743,55946932
741,55946933
742,55946933
743,55946933
741,55946934
742,55946934
743,55946934
741,55946935
742,55946935
743,55946935
741,55946936
742,55946936
743,55946936
741,55946937
742,55946937
743,55946937
741,55946938
742,55946938
743,55946938
741,55946943
742,55946943
743,55946943
741,55946951
742,55946951
743,55946951
741,55946955
742,55946955
743,55946955
741,55946957
742,55946957
743,55946957
741,55946958
742,55946958
743,55946958
741,55946965
742,55946965
743,55946965
741,55946970
742,55946970
743,55946970
741,55946974
742,55946974
743,55946974
741,55946976
742,55946976
743,55946976
741,55946983
742,55946983
743,55946983
741,55946988
742,55946988
743,55946988
741,55946993
742,55946993
743,55946993
741,55946997
742,55946997
743,55946997
741,55947067
742,55947067
743,55947067
741,55947070
742,55947070
743,55947070
741,55947071
742,55947071
743,55947071
741,55947072
742,55947072
743,55947072
741,55947853
742,55947853
743,55947853
741,55947918
742,55947918
743,55947918
741,55947923
742,55947923
743,55947923
741,55947946
742,55947946
743,55947946
741,55947975
742,55947975
743,55947975
741,55947978
742,55947978
743,55947978
741,55948002
742,55948002
743,55948002
741,55948032
742,55948032
743,55948032
741,55948086
742,55948086
743,55948086
741,55948092
742,55948092
743,55948092
741,56109014
742,56109014
743,56109014
741,56109017
742,56109017
743,56109017
741,56109020
742,56109020
743,56109020
741,56109021
742,56109021
743,56109021
741,56109023
742,56109023
743,56109023
741,56109025
742,56109025
743,56109025
741,56109026
742,56109026
743,56109026
741,56109027
742,56109027
743,56109027
741,56109032
742,56109032
743,56109032
741,56109036
742,56109036
743,56109036
741,56109049
742,56109049
743,56109049
741,56040697
742,56040697
743,56040697
741,56040699
742,56040699
743,56040699
741,56040701
742,56040701
743,56040701
741,56040703
742,56040703
743,56040703
741,56040705
742,56040705
743,56040705
741,56040707
742,56040707
743,56040707
741,56040709
742,56040709
743,56040709
741,56040711
742,56040711
743,56040711
741,56040713
742,56040713
743,56040713
741,56040715
742,56040715
743,56040715
741,56040717
742,56040717
743,56040717
741,56040719
742,56040719
743,56040719
741,56040721
742,56040721
743,56040721
741,56040723
742,56040723
743,56040723
741,56040725
742,56040725
743,56040725
741,56040727
742,56040727
743,56040727
741,56040729
742,56040729
743,56040729
741,56040731
742,56040731
743,56040731
741,56040733
742,56040733
743,56040733
741,56040735
742,56040735
743,56040735
741,56040737
742,56040737
743,56040737
741,56040739
742,56040739
743,56040739
741,56040741
742,56040741
743,56040741
741,56040743
742,56040743
743,56040743
741,56040745
742,56040745
743,56040745
741,56040747
742,56040747
743,56040747
741,56040749
742,56040749
743,56040749
741,56040750
742,56040750
743,56040750
741,56040753
742,56040753
743,56040753
741,56040755
742,56040755
743,56040755
741,56040757
742,56040757
743,56040757
741,56040759
742,56040759
743,56040759
741,56040760
742,56040760
743,56040760
741,56041015
742,56041015
743,56041015
741,56041017
742,56041017
743,56041017
741,56041021
742,56041021
743,56041021
741,56041022
742,56041022
743,56041022
741,56041023
742,56041023
743,56041023
741,56041024
742,56041024
743,56041024
741,56041025
742,56041025
743,56041025
741,56041038
742,56041038
743,56041038
741,56041267
742,56041267
743,56041267
741,56041268
742,56041268
743,56041268
741,56041270
742,56041270
743,56041270
741,56041275
742,56041275
743,56041275
741,56041277
742,56041277
743,56041277
741,56041357
742,56041357
743,56041357
741,56041602
742,56041602
743,56041602
741,56108928
742,56108928
743,56108928
741,56108929
742,56108929
743,56108929
741,56108930
742,56108930
743,56108930
741,56108933
742,56108933
743,56108933
741,56108936
742,56108936
743,56108936
741,56108938
742,56108938
743,56108938
741,56108940
742,56108940
743,56108940
741,56108941
742,56108941
743,56108941
741,56108942
742,56108942
743,56108942
741,56108943
742,56108943
743,56108943
741,56108950
742,56108950
743,56108950
741,57479385
742,57479385
743,57479385
741,57479386
742,57479386
743,57479386
741,57479389
742,57479389
743,57479389
741,57479391
742,57479391
743,57479391
741,57479393
742,57479393
743,57479393
741,57479395
742,57479395
743,57479395
741,57479396
742,57479396
743,57479396
741,57479398
742,57479398
743,57479398
741,57479401
742,57479401
743,57479401
741,57479403
742,57479403
743,57479403
741,57479405
742,57479405
743,57479405
741,57479406
742,57479406
743,57479406
741,57479408
742,57479408
743,57479408
741,57479410
742,57479410
743,57479410
741,57479412
742,57479412
743,57479412
741,57479414
742,57479414
743,57479414
741,57479416
742,57479416
743,57479416
741,57479418
742,57479418
743,57479418
741,57479420
742,57479420
743,57479420
741,57479422
742,57479422
743,57479422
741,57479424
742,57479424
743,57479424
741,57479426
742,57479426
743,57479426
741,57479428
742,57479428
743,57479428
741,57479430
742,57479430
743,57479430
741,57479905
742,57479905
743,57479905
741,57479906
742,57479906
743,57479906
741,57479907
742,57479907
743,57479907
741,57480001
742,57480001
743,57480001
741,57480002
742,57480002
743,57480002
741,57480003
742,57480003
743,57480003
741,57480004
742,57480004
743,57480004
741,57480051
742,57480051
743,57480051
741,57480052
742,57480052
743,57480052
741,57480053
742,57480053
743,57480053
741,57480298
742,57480298
743,57480298
741,57480303
742,57480303
743,57480303
741,57518495
742,57518495
743,57518495
741,57518497
742,57518497
743,57518497
741,57518508
742,57518508
743,57518508
741,57518509
742,57518509
743,57518509
741,57518523
742,57518523
743,57518523
741,57518525
742,57518525
743,57518525
741,57518526
742,57518526
743,57518526
741,57518527
742,57518527
743,57518527
741,57518571
742,57518571
743,57518571
741,57480620
742,57480620
743,57480620
741,57480629
742,57480629
743,57480629
741,57480630
742,57480630
743,57480630
741,57480631
742,57480631
743,57480631
741,57480632
742,57480632
743,57480632
741,57480633
742,57480633
743,57480633
741,57480634
742,57480634
743,57480634
741,57480635
742,57480635
743,57480635
741,57480636
742,57480636
743,57480636
741,57480637
742,57480637
743,57480637
741,57480638
742,57480638
743,57480638
741,57480639
742,57480639
743,57480639
741,57480640
742,57480640
743,57480640
741,57480641
742,57480641
743,57480641
741,57480644
742,57480644
743,57480644
741,57480652
742,57480652
743,57480652
741,57480657
742,57480657
743,57480657
741,57480658
742,57480658
743,57480658
741,57480665
742,57480665
743,57480665
741,57480670
742,57480670
743,57480670
741,57480674
742,57480674
743,57480674
741,57480676
742,57480676
743,57480676
741,57480683
742,57480683
743,57480683
741,57480688
742,57480688
743,57480688
741,57480693
742,57480693
743,57480693
741,57480697
742,57480697
743,57480697
741,57481516
742,57481516
743,57481516
741,57481684
742,57481684
743,57481684
741,57481685
742,57481685
743,57481685
741,57481892
742,57481892
743,57481892
741,57481893
742,57481893
743,57481893
741,57481894
742,57481894
743,57481894
741,57518661
742,57518661
743,57518661
741,57518663
742,57518663
743,57518663
741,57518668
742,57518668
743,57518668
741,57518672
742,57518672
743,57518672
741,57518673
742,57518673
743,57518673
741,57518675
742,57518675
743,57518675
741,57518696
742,57518696
743,57518696
741,57518700
742,57518700
743,57518700
741,57518703
742,57518703
743,57518703
741,57518704
742,57518704
743,57518704
741,57518714
742,57518714
743,57518714
741,57482572
742,57482572
743,57482572
741,57482574
742,57482574
743,57482574
741,57482576
742,57482576
743,57482576
741,57482578
742,57482578
743,57482578
741,57482580
742,57482580
743,57482580
741,57482582
742,57482582
743,57482582
741,57482584
742,57482584
743,57482584
741,57482586
742,57482586
743,57482586
741,57482588
742,57482588
743,57482588
741,57482590
742,57482590
743,57482590
741,57482592
742,57482592
743,57482592
741,57482594
742,57482594
743,57482594
741,57482596
742,57482596
743,57482596
741,57482598
742,57482598
743,57482598
741,57482600
742,57482600
743,57482600
741,57482602
742,57482602
743,57482602
741,57482604
742,57482604
743,57482604
741,57482606
742,57482606
743,57482606
741,57482608
742,57482608
743,57482608
741,57482610
742,57482610
743,57482610
741,57482612
742,57482612
743,57482612
741,57482614
742,57482614
743,57482614
741,57482616
742,57482616
743,57482616
741,57482618
742,57482618
743,57482618
741,57482620
742,57482620
743,57482620
741,57482622
742,57482622
743,57482622
741,57482624
742,57482624
743,57482624
741,57482625
742,57482625
743,57482625
741,57482628
742,57482628
743,57482628
741,57482630
742,57482630
743,57482630
741,57482632
742,57482632
743,57482632
741,57482634
742,57482634
743,57482634
741,57482635
742,57482635
743,57482635
741,57482702
742,57482702
743,57482702
741,57483236
742,57483236
743,57483236
741,57483237
742,57483237
743,57483237
741,57483238
742,57483238
743,57483238
741,57483425
742,57483425
743,57483425
741,57518585
742,57518585
743,57518585
741,57518586
742,57518586
743,57518586
741,57518592
742,57518592
743,57518592
741,57518596
742,57518596
743,57518596
741,57518602
742,57518602
743,57518602
741,57518603
742,57518603
743,57518603
741,57518604
742,57518604
743,57518604
741,57518607
742,57518607
743,57518607
741,57518608
742,57518608
743,57518608
741,57518612
742,57518612
743,57518612
741,57518615
742,57518615
743,57518615
741,57518628
742,57518628
743,57518628
741,57586831
742,57586831
743,57586831
741,57586832
742,57586832
743,57586832
741,57529162
742,57529162
743,57529162
741,57529164
742,57529164
743,57529164
741,57529166
742,57529166
743,57529166
741,57529168
742,57529168
743,57529168
741,57529170
742,57529170
743,57529170
741,57529172
742,57529172
743,57529172
741,57529174
742,57529174
743,57529174
741,57529176
742,57529176
743,57529176
741,57529178
742,57529178
743,57529178
741,57529180
742,57529180
743,57529180
741,57529182
742,57529182
743,57529182
741,57529184
742,57529184
743,57529184
741,57529186
742,57529186
743,57529186
741,57529188
742,57529188
743,57529188
741,57529190
742,57529190
743,57529190
741,57529192
742,57529192
743,57529192
741,57529194
742,57529194
743,57529194
741,57529196
742,57529196
743,57529196
741,57529198
742,57529198
743,57529198
741,57529200
742,57529200
743,57529200
741,57529202
742,57529202
743,57529202
741,57529204
742,57529204
743,57529204
741,57529206
742,57529206
743,57529206
741,57529208
742,57529208
743,57529208
741,57529210
742,57529210
743,57529210
741,57529212
742,57529212
743,57529212
741,57529214
742,57529214
743,57529214
741,57529215
742,57529215
743,57529215
741,57529218
742,57529218
743,57529218
741,57529220
742,57529220
743,57529220
741,57529222
742,57529222
743,57529222
741,57529224
742,57529224
743,57529224
741,57529225
742,57529225
743,57529225
741,57529292
742,57529292
743,57529292
741,57529826
742,57529826
743,57529826
741,57529827
742,57529827
743,57529827
741,57529828
742,57529828
743,57529828
741,57530015
742,57530015
743,57530015
741,57530260
742,57530260
743,57530260
741,57530264
742,57530264
743,57530264
741,57530266
742,57530266
743,57530266
741,57530269
742,57530269
743,57530269
741,57530271
742,57530271
743,57530271
741,57530275
742,57530275
743,57530275
741,57530279
742,57530279
743,57530279
741,57530282
742,57530282
743,57530282
741,57530283
742,57530283
743,57530283
741,57530284
742,57530284
743,57530284
741,57530285
742,57530285
743,57530285
741,57530286
742,57530286
743,57530286
741,57530288
742,57530288
743,57530288
741,57530291
742,57530291
743,57530291
741,57530307
742,57530307
743,57530307
741,56105496
742,56105496
743,56105496
741,56105513
742,56105513
743,56105513
741,56105517
742,56105517
743,56105517
741,56105533
742,56105533
743,56105533
741,56105544
742,56105544
743,56105544
741,56105563
742,56105563
743,56105563
741,56105567
742,56105567
743,56105567
741,56105578
742,56105578
743,56105578
741,56105600
742,56105600
743,56105600
741,56105611
742,56105611
743,56105611
741,56105630
742,56105630
743,56105630
741,56105643
742,56105643
743,56105643
741,56105666
742,56105666
743,56105666
741,56105681
742,56105681
743,56105681
741,56105708
742,56105708
743,56105708
741,56105727
742,56105727
743,56105727
741,56105783
742,56105783
743,56105783
741,56105784
742,56105784
743,56105784
741,56106422
742,56106422
743,56106422
741,56106423
742,56106423
743,56106423
741,56106424
742,56106424
743,56106424
741,56106425
742,56106425
743,56106425
741,56106426
742,56106426
743,56106426
741,56106427
742,56106427
743,56106427
741,56106428
742,56106428
743,56106428
741,56106429
742,56106429
743,56106429
741,56106441
742,56106441
743,56106441
741,56106682
742,56106682
743,56106682
741,56106683
742,56106683
743,56106683
741,56106685
742,56106685
743,56106685
741,56106687
742,56106687
743,56106687
741,56106689
742,56106689
743,56106689
741,56106692
742,56106692
743,56106692
741,56106694
742,56106694
743,56106694
741,56106695
742,56106695
743,56106695
741,56106697
742,56106697
743,56106697
741,56106699
742,56106699
743,56106699
741,56106702
742,56106702
743,56106702
741,56106704
742,56106704
743,56106704
741,56106706
742,56106706
743,56106706
741,56106708
742,56106708
743,56106708
741,56106710
742,56106710
743,56106710
741,56106712
742,56106712
743,56106712
741,56106714
742,56106714
743,56106714
741,56106716
742,56106716
743,56106716
741,56106718
742,56106718
743,56106718
741,56106720
742,56106720
743,56106720
741,56106722
742,56106722
743,56106722
741,56106724
742,56106724
743,56106724
741,56106819
742,56106819
743,56106819
741,56106820
742,56106820
743,56106820
741,56106821
742,56106821
743,56106821
741,56106822
742,56106822
743,56106822
741,56106823
742,56106823
743,56106823
741,56106824
742,56106824
743,56106824
741,56106825
742,56106825
743,56106825
741,56108976
742,56108976
743,56108976
741,56108979
742,56108979
743,56108979
741,56108983
742,56108983
743,56108983
741,56108984
742,56108984
743,56108984
741,56108986
742,56108986
743,56108986
741,56108988
742,56108988
743,56108988
741,56108989
742,56108989
743,56108989
741,56108990
742,56108990
743,56108990
741,56108991
742,56108991
743,56108991
741,56108993
742,56108993
743,56108993
741,55930856
742,55930856
743,55930856
741,55930859
742,55930859
743,55930859
741,55930863
742,55930863
743,55930863
741,55946892
742,55946892
743,55946892
741,55946911
742,55946911
743,55946911
741,55946912
742,55946912
743,55946912
741,55946913
742,55946913
743,55946913
741,55946914
742,55946914
743,55946914
741,55946915
742,55946915
743,55946915
741,55946916
742,55946916
743,55946916
741,55946918
742,55946918
743,55946918
741,55946919
742,55946919
743,55946919
741,55946920
742,55946920
743,55946920
741,55946921
742,55946921
743,55946921
741,55946922
742,55946922
743,55946922
741,55946923
742,55946923
743,55946923
741,55946924
742,55946924
743,55946924
741,55946925
742,55946925
743,55946925
741,55946942
742,55946942
743,55946942
741,55946945
742,55946945
743,55946945
741,55946950
742,55946950
743,55946950
741,55946956
742,55946956
743,55946956
741,55946964
742,55946964
743,55946964
741,55946968
742,55946968
743,55946968
741,55946969
742,55946969
743,55946969
741,55946975
742,55946975
743,55946975
741,55946984
742,55946984
743,55946984
741,55946989
742,55946989
743,55946989
741,55946994
742,55946994
743,55946994
741,55946998
742,55946998
743,55946998
741,55947069
742,55947069
743,55947069
741,55947073
742,55947073
743,55947073
741,55947680
742,55947680
743,55947680
741,55947700
742,55947700
743,55947700
741,55947701
742,55947701
743,55947701
741,55947857
742,55947857
743,55947857
741,55947860
742,55947860
743,55947860
741,55947870
742,55947870
743,55947870
741,55947882
742,55947882
743,55947882
741,55947931
742,55947931
743,55947931
741,55947958
742,55947958
743,55947958
741,55947972
742,55947972
743,55947972
741,55947976
742,55947976
743,55947976
741,55947977
742,55947977
743,55947977
741,55947990
742,55947990
743,55947990
741,55948011
742,55948011
743,55948011
741,55948034
742,55948034
743,55948034
741,56109015
742,56109015
743,56109015
741,56109016
742,56109016
743,56109016
741,56109018
742,56109018
743,56109018
741,56109019
742,56109019
743,56109019
741,56109022
742,56109022
743,56109022
741,56109031
742,56109031
743,56109031
741,56109033
742,56109033
743,56109033
741,56109034
742,56109034
743,56109034
741,56109035
742,56109035
743,56109035
741,56109037
742,56109037
743,56109037
741,56109038
742,56109038
743,56109038
741,56040698
742,56040698
743,56040698
741,56040700
742,56040700
743,56040700
741,56040702
742,56040702
743,56040702
741,56040704
742,56040704
743,56040704
741,56040706
742,56040706
743,56040706
741,56040708
742,56040708
743,56040708
741,56040710
742,56040710
743,56040710
741,56040712
742,56040712
743,56040712
741,56040714
742,56040714
743,56040714
741,56040716
742,56040716
743,56040716
741,56040718
742,56040718
743,56040718
741,56040720
742,56040720
743,56040720
741,56040722
742,56040722
743,56040722
741,56040724
742,56040724
743,56040724
741,56040726
742,56040726
743,56040726
741,56040728
742,56040728
743,56040728
741,56040730
742,56040730
743,56040730
741,56040732
742,56040732
743,56040732
741,56040734
742,56040734
743,56040734
741,56040736
742,56040736
743,56040736
741,56040738
742,56040738
743,56040738
741,56040740
742,56040740
743,56040740
741,56040742
742,56040742
743,56040742
741,56040744
742,56040744
743,56040744
741,56040746
742,56040746
743,56040746
741,56040748
742,56040748
743,56040748
741,56040751
742,56040751
743,56040751
741,56040752
742,56040752
743,56040752
741,56040754
742,56040754
743,56040754
741,56040756
742,56040756
743,56040756
741,56040758
742,56040758
743,56040758
741,56040761
742,56040761
743,56040761
741,56041013
742,56041013
743,56041013
741,56041014
742,56041014
743,56041014
741,56041016
742,56041016
743,56041016
741,56041018
742,56041018
743,56041018
741,56041019
742,56041019
743,56041019
741,56041020
742,56041020
743,56041020
741,56041028
742,56041028
743,56041028
741,56041184
742,56041184
743,56041184
741,56041185
742,56041185
743,56041185
741,56041188
742,56041188
743,56041188
741,56041203
742,56041203
743,56041203
741,56041225
742,56041225
743,56041225
741,56041273
742,56041273
743,56041273
741,56041274
742,56041274
743,56041274
741,56041285
742,56041285
743,56041285
741,56041307
742,56041307
743,56041307
741,56041338
742,56041338
743,56041338
741,56041361
742,56041361
743,56041361
741,56041362
742,56041362
743,56041362
741,56108931
742,56108931
743,56108931
741,56108932
742,56108932
743,56108932
741,56108935
742,56108935
743,56108935
741,56108937
742,56108937
743,56108937
741,56108939
742,56108939
743,56108939
741,56108944
742,56108944
743,56108944
741,56108945
742,56108945
743,56108945
741,56108946
742,56108946
743,56108946
741,56108947
742,56108947
743,56108947
741,56108948
742,56108948
743,56108948
741,56108949
742,56108949
743,56108949
741,56108961
742,56108961
743,56108961
741,57478904
742,57478904
743,57478904
741,57478905
742,57478905
743,57478905
741,57479387
742,57479387
743,57479387
741,57479388
742,57479388
743,57479388
741,57479390
742,57479390
743,57479390
741,57479392
742,57479392
743,57479392
741,57479394
742,57479394
743,57479394
741,57479397
742,57479397
743,57479397
741,57479399
742,57479399
743,57479399
741,57479400
742,57479400
743,57479400
741,57479402
742,57479402
743,57479402
741,57479404
742,57479404
743,57479404
741,57479407
742,57479407
743,57479407
741,57479409
742,57479409
743,57479409
741,57479411
742,57479411
743,57479411
741,57479413
742,57479413
743,57479413
741,57479415
742,57479415
743,57479415
741,57479417
742,57479417
743,57479417
741,57479419
742,57479419
743,57479419
741,57479421
742,57479421
743,57479421
741,57479423
742,57479423
743,57479423
741,57479425
742,57479425
743,57479425
741,57479427
742,57479427
743,57479427
741,57479429
742,57479429
743,57479429
741,57479521
742,57479521
743,57479521
741,57479522
742,57479522
743,57479522
741,57479901
742,57479901
743,57479901
741,57479902
742,57479902
743,57479902
741,57479903
742,57479903
743,57479903
741,57479904
742,57479904
743,57479904
741,57479921
742,57479921
743,57479921
741,57479998
742,57479998
743,57479998
741,57479999
742,57479999
743,57479999
741,57480000
742,57480000
743,57480000
741,57480041
742,57480041
743,57480041
741,57480042
742,57480042
743,57480042
741,57480043
742,57480043
743,57480043
741,57480044
742,57480044
743,57480044
741,57480045
742,57480045
743,57480045
741,57480046
742,57480046
743,57480046
741,57480047
742,57480047
743,57480047
741,57480048
742,57480048
743,57480048
741,57480049
742,57480049
743,57480049
741,57480050
742,57480050
743,57480050
741,57480300
742,57480300
743,57480300
741,57480301
742,57480301
743,57480301
741,57480302
742,57480302
743,57480302
741,57518492
742,57518492
743,57518492
741,57518499
742,57518499
743,57518499
741,57518510
742,57518510
743,57518510
741,57518512
742,57518512
743,57518512
741,57518522
742,57518522
743,57518522
741,57518524
742,57518524
743,57518524
741,57518528
742,57518528
743,57518528
741,57518529
742,57518529
743,57518529
741,57518569
742,57518569
743,57518569
741,57480614
742,57480614
743,57480614
741,57480615
742,57480615
743,57480615
741,57480616
742,57480616
743,57480616
741,57480617
742,57480617
743,57480617
741,57480618
742,57480618
743,57480618
741,57480619
742,57480619
743,57480619
741,57480621
742,57480621
743,57480621
741,57480622
742,57480622
743,57480622
741,57480623
742,57480623
743,57480623
741,57480624
742,57480624
743,57480624
741,57480625
742,57480625
743,57480625
741,57480626
742,57480626
743,57480626
741,57480627
742,57480627
743,57480627
741,57480628
742,57480628
743,57480628
741,57480643
742,57480643
743,57480643
741,57480646
742,57480646
743,57480646
741,57480651
742,57480651
743,57480651
741,57480656
742,57480656
743,57480656
741,57480664
742,57480664
743,57480664
741,57480668
742,57480668
743,57480668
741,57480669
742,57480669
743,57480669
741,57480675
742,57480675
743,57480675
741,57480684
742,57480684
743,57480684
741,57480689
742,57480689
743,57480689
741,57480694
742,57480694
743,57480694
741,57480698
742,57480698
743,57480698
741,57481363
742,57481363
743,57481363
741,57481364
742,57481364
743,57481364
741,57481680
742,57481680
743,57481680
741,57481681
742,57481681
743,57481681
741,57481682
742,57481682
743,57481682
741,57481683
742,57481683
743,57481683
741,57481885
742,57481885
743,57481885
741,57481887
742,57481887
743,57481887
741,57481888
742,57481888
743,57481888
741,57481889
742,57481889
743,57481889
741,57481890
742,57481890
743,57481890
741,57481891
742,57481891
743,57481891
741,57518662
742,57518662
743,57518662
741,57518670
742,57518670
743,57518670
741,57518679
742,57518679
743,57518679
741,57518680
742,57518680
743,57518680
741,57518681
742,57518681
743,57518681
741,57518689
742,57518689
743,57518689
741,57518698
742,57518698
743,57518698
741,57518705
742,57518705
743,57518705
741,57518710
742,57518710
743,57518710
741,57518712
742,57518712
743,57518712
741,57518717
742,57518717
743,57518717
741,57482573
742,57482573
743,57482573
741,57482575
742,57482575
743,57482575
741,57482577
742,57482577
743,57482577
741,57482579
742,57482579
743,57482579
741,57482581
742,57482581
743,57482581
741,57482583
742,57482583
743,57482583
741,57482585
742,57482585
743,57482585
741,57482587
742,57482587
743,57482587
741,57482589
742,57482589
743,57482589
741,57482591
742,57482591
743,57482591
741,57482593
742,57482593
743,57482593
741,57482595
742,57482595
743,57482595
741,57482597
742,57482597
743,57482597
741,57482599
742,57482599
743,57482599
741,57482601
742,57482601
743,57482601
741,57482603
742,57482603
743,57482603
741,57482605
742,57482605
743,57482605
741,57482607
742,57482607
743,57482607
741,57482609
742,57482609
743,57482609
741,57482611
742,57482611
743,57482611
741,57482613
742,57482613
743,57482613
741,57482615
742,57482615
743,57482615
741,57482617
742,57482617
743,57482617
741,57482619
742,57482619
743,57482619
741,57482621
742,57482621
743,57482621
741,57482623
742,57482623
743,57482623
741,57482626
742,57482626
743,57482626
741,57482627
742,57482627
743,57482627
741,57482629
742,57482629
743,57482629
741,57482631
742,57482631
743,57482631
741,57482633
742,57482633
743,57482633
741,57482636
742,57482636
743,57482636
741,57482849
742,57482849
743,57482849
741,57482850
742,57482850
743,57482850
741,57483233
742,57483233
743,57483233
741,57483417
742,57483417
743,57483417
741,57483418
742,57483418
743,57483418
741,57483422
742,57483422
743,57483422
741,57483423
742,57483423
743,57483423
741,57483424
742,57483424
743,57483424
741,57518589
742,57518589
743,57518589
741,57518610
742,57518610
743,57518610
741,57518613
742,57518613
743,57518613
741,57518617
742,57518617
743,57518617
741,57518619
742,57518619
743,57518619
741,57518621
742,57518621
743,57518621
741,57518623
742,57518623
743,57518623
741,57518624
742,57518624
743,57518624
741,57518626
742,57518626
743,57518626
741,57518627
742,57518627
743,57518627
741,57518629
742,57518629
743,57518629
741,57518641
742,57518641
743,57518641
741,57586833
742,57586833
743,57586833
741,57586834
742,57586834
743,57586834
741,57586835
742,57586835
743,57586835
741,57529163
742,57529163
743,57529163
741,57529165
742,57529165
743,57529165
741,57529167
742,57529167
743,57529167
741,57529169
742,57529169
743,57529169
741,57529171
742,57529171
743,57529171
741,57529173
742,57529173
743,57529173
741,57529175
742,57529175
743,57529175
741,57529177
742,57529177
743,57529177
741,57529179
742,57529179
743,57529179
741,57529181
742,57529181
743,57529181
741,57529183
742,57529183
743,57529183
741,57529185
742,57529185
743,57529185
741,57529187
742,57529187
743,57529187
741,57529189
742,57529189
743,57529189
741,57529191
742,57529191
743,57529191
741,57529193
742,57529193
743,57529193
741,57529195
742,57529195
743,57529195
741,57529197
742,57529197
743,57529197
741,57529199
742,57529199
743,57529199
741,57529201
742,57529201
743,57529201
741,57529203
742,57529203
743,57529203
741,57529205
742,57529205
743,57529205
741,57529207
742,57529207
743,57529207
741,57529209
742,57529209
743,57529209
741,57529211
742,57529211
743,57529211
741,57529213
742,57529213
743,57529213
741,57529216
742,57529216
743,57529216
741,57529217
742,57529217
743,57529217
741,57529219
742,57529219
743,57529219
741,57529221
742,57529221
743,57529221
741,57529223
742,57529223
743,57529223
741,57529226
742,57529226
743,57529226
741,57529439
742,57529439
743,57529439
741,57529440
742,57529440
743,57529440
741,57529823
742,57529823
743,57529823
741,57530007
742,57530007
743,57530007
741,57530008
742,57530008
743,57530008
741,57530012
742,57530012
743,57530012
741,57530013
742,57530013
743,57530013
741,57530014
742,57530014
743,57530014
741,57530265
742,57530265
743,57530265
741,57530268
742,57530268
743,57530268
741,57530270
742,57530270
743,57530270
741,57530280
742,57530280
743,57530280
741,57530281
742,57530281
743,57530281
741,57530287
742,57530287
743,57530287
741,57530289
742,57530289
743,57530289
741,57530293
742,57530293
743,57530293
741,57530295
742,57530295
743,57530295
741,57530297
742,57530297
743,57530297
741,57530299
742,57530299
743,57530299
741,57530301
742,57530301
743,57530301
741,57530303
742,57530303
743,57530303
741,57530304
742,57530304
743,57530304
741,57530306
742,57530306
743,57530306
741,57593479
742,57593479
743,57593479
89,56007746
93,56007746
89,57372775
93,57372775
89,57572124
93,57572124
89,56026964
93,56026964
89,56003240
93,56003240
89,56007748
93,56007748
89,57568870
93,57568870
89,57371131
93,57371131
89,57372777
93,57372777
89,57572126
93,57572126
19,55799076_1
201,55799076_2
19,55799077_1
201,55799077_2
32,55799256_1
23,55799256_2
10,55800766_1
16,55800766_2
8,55801339_1
66,55801339_2
8,55801339_2
66,55801339_3
66,55801397_1
66,55801397_2
57,55801397_2
57,55801397_3
66,55801398_1
57,55801398_2
57,55802888_1
39,55802888_2
34,55889027_1
32,55889027_2
39,55889034_1
39,55889034_2
39,55889035_1
39,55889035_2
36,55889054_1
34,55889054_2
38,55889055_1
37,55889055_2
37,55889056_1
36,55889056_2
39,55889057_1
38,55889057_2
39,55889058_1
38,55889058_2
39,55889059_1
39,55889059_2
39,55889060_1
39,55889060_2
39,55889061_1
39,55889061_2
21,55889062_1
21,55889062_2
23,55889063_1
22,55889063_2
CR-Needham,CR-595774-839
CR-Fairmount,CR-598310-731
CR-Kingston,CR-598245-031
CR-Kingston,CR-598462-1021
CR-Kingston,CR-598564-2021
CR-Newburyport,CR-NewburyportLynnShuttleWinter-Weekday-0-05:08:00
CR-Newburyport,CR-NewburyportLynnShuttleWinter-Weekday-0-05:38:00
CR-Newburyport,CR-NewburyportLynnShuttleWinter-Weekday-0-06:13:00
CR-Newburyport,CR-NewburyportLynnShuttleWinter-Weekday-0-06:43:00
CR-Newburyport,CR-NewburyportLynnShuttleWinter-Weekday-0-07:13:00
CR-Newburyport,CR-NewburyportLynnShuttleWinter-Weekday-0-07:43:00
CR-Newburyport,CR-NewburyportLynnShuttleWinter-Weekday-0-08:13:00
CR-Newburyport,CR-NewburyportLynnShuttleWinter-Weekday-0-08:43:00
CR-Newburyport,CR-NewburyportLynnShuttleWinter-Weekday-0-09:13:00
CR-Newburyport,CR-NewburyportLynnShuttleWinter-Weekday-0-09:43:00
CR-Newburyport,CR-NewburyportLynnShuttleWinter-Weekday-0-10:13:00
CR-Newburyport,CR-NewburyportLynnShuttleWinter-Weekday-0-10:43:00
CR-Newburyport,CR-NewburyportLynnShuttleWinter-Weekday-0-11:13:00
CR-Newburyport,CR-NewburyportLynnShuttleWinter-Weekday-0-11:43:00
CR-Newburyport,CR-NewburyportLynnShuttleWinter-Weekday-0-12:10:00
CR-Newburyport,CR-NewburyportLynnShuttleWinter-Weekday-0-12:43:00
CR-Newburyport,CR-NewburyportLynnShuttleWinter-Weekday-0-13:13:00
CR-Newburyport,CR-NewburyportLynnShuttleWinter-Weekday-0-13:41:00
CR-Newburyport,CR-NewburyportLynnShuttleWinter-Weekday-0-14:13:00
CR-Newburyport,CR-NewburyportLynnShuttleWinter-Weekday-0-14:43:00
CR-Newburyport,CR-NewburyportLynnShuttleWinter-Weekday-0-15:13:00
CR-Newburyport,CR-NewburyportLynnShuttleWinter-Weekday-0-15:43:00
CR-Newburyport,CR-NewburyportLynnShuttleWinter-Weekday-0-16:13:00
CR-Newburyport,CR-NewburyportLynnShuttleWinter-Weekday-0-16:40:00
CR-Newburyport,CR-NewburyportLynnShuttleWinter-Weekday-0-17:07:00
CR-Newburyport,CR-NewburyportLynnShuttleWinter-Weekday-0-17:35:00
CR-Newburyport,CR-NewburyportLynnShuttleWinter-Weekday-0-18:15:00
CR-Newburyport,CR-NewburyportLynnShuttleWinter-Weekday-0-18:46:00
CR-Newburyport,CR-NewburyportLynnShuttleWinter-Weekday-0-19:16:00
CR-Newburyport,CR-NewburyportLynnShuttleWinter-Weekday-0-20:15:00
CR-Newburyport,CR-NewburyportLynnShuttleWinter-Weekday-0-20:55:00
CR-Newburyport,CR-NewburyportLynnShuttleWinter-Weekday-0-21:30:00
CR-Newburyport,CR-NewburyportLynnShuttleWinter-Weekday-0-21:58:00
CR-Newburyport,CR-NewburyportLynnShuttleWinter-Weekday-0-23:06:00
CR-Newburyport,CR-NewburyportLynnShuttleWinter-Saturday-0-05:30:00
CR-Newburyport,CR-NewburyportLynnShuttleWinter-Saturday-0-06:30:00
CR-Newburyport,CR-NewburyportLynnShuttleWinter-Saturday-0-07:30:00
CR-Newburyport,CR-NewburyportLynnShuttleWinter-Saturday-0-08:30:00
CR-Newburyport,CR-NewburyportLynnShuttleWinter-Saturday-0-09:30:00
CR-Newburyport,CR-NewburyportLynnShuttleWinter-Saturday-0-10:30:00
CR-Newburyport,CR-NewburyportLynnShuttleWinter-Saturday-0-11:30:00
CR-Newburyport,CR-NewburyportLynnShuttleWinter-Saturday-0-12:30:00
CR-Newburyport,CR-NewburyportLynnShuttleWinter-Saturday-0-13:30:00
CR-Newburyport,CR-NewburyportLynnShuttleWinter-Saturday-0-14:30:00
CR-Newburyport,CR-NewburyportLynnShuttleWinter-Saturday-0-15:30:00
CR-Newburyport,CR-NewburyportLynnShuttleWinter-Saturday-0-16:30:00
CR-Newburyport,CR-NewburyportLynnShuttleWinter-Saturday-0-17:30:00
CR-Newburyport,CR-NewburyportLynnShuttleWinter-Saturday-0-18:30:00
CR-Newburyport,CR-NewburyportLynnShuttleWinter-Saturday-0-19:30:00
CR-Newburyport,CR-NewburyportLynnShuttleWinter-Saturday-0-20:30:00
CR-Newburyport,CR-NewburyportLynnShuttleWinter-Saturday-0-21:30:00
CR-Newburyport,CR-NewburyportLynnShuttleWinter-Saturday-0-22:05:00
CR-Newburyport,CR-NewburyportLynnShuttleWinter-Saturday-0-22:30:00
CR-Newburyport,CR-NewburyportLynnShuttleWinter-Saturday-0-23:05:00
CR-Newburyport,CR-NewburyportLynnShuttleWinter-Sunday-0-05:30:00
CR-Newburyport,CR-NewburyportLynnShuttleWinter-Sunday-0-06:30:00
CR-Newburyport,CR-NewburyportLynnShuttleWinter-Sunday-0-07:30:00
CR-Newburyport,CR-NewburyportLynnShuttleWinter-Sunday-0-08:30:00
CR-Newburyport,CR-NewburyportLynnShuttleWinter-Sunday-0-09:30:00
CR-Newburyport,CR-NewburyportLynnShuttleWinter-Sunday-0-10:30:00
CR-Newburyport,CR-NewburyportLynnShuttleWinter-Sunday-0-11:30:00
CR-Newburyport,CR-NewburyportLynnShuttleWinter-Sunday-0-12:30:00
CR-Newburyport,CR-NewburyportLynnShuttleWinter-Sunday-0-13:30:00
CR-Newburyport,CR-NewburyportLynnShuttleWinter-Sunday-0-14:30:00
CR-Newburyport,CR-NewburyportLynnShuttleWinter-Sunday-0-15:30:00
CR-Newburyport,CR-NewburyportLynnShuttleWinter-Sunday-0-16:30:00
CR-Newburyport,CR-NewburyportLynnShuttleWinter-Sunday-0-17:30:00
CR-Newburyport,CR-NewburyportLynnShuttleWinter-Sunday-0-18:30:00
CR-Newburyport,CR-NewburyportLynnShuttleWinter-Sunday-0-19:30:00
CR-Newburyport,CR-NewburyportLynnShuttleWinter-Sunday-0-20:30:00
CR-Newburyport,CR-NewburyportLynnShuttleWinter-Sunday-0-21:30:00
CR-Newburyport,CR-NewburyportLynnShuttleWinter-Sunday-0-22:05:00
CR-Newburyport,CR-NewburyportLynnShuttleWinter-Sunday-0-22:30:00
CR-Newburyport,CR-NewburyportLynnShuttleWinter-Sunday-0-23:05:00
CR-Newburyport,CR-NewburyportLynnShuttleWinter-Weekday-1-05:31:00
CR-Newburyport,CR-NewburyportLynnShuttleWinter-Weekday-1-06:06:00
CR-Newburyport,CR-NewburyportLynnShuttleWinter-Weekday-1-06:36:00
CR-Newburyport,CR-NewburyportLynnShuttleWinter-Weekday-1-07:06:00
CR-Newburyport,CR-NewburyportLynnShuttleWinter-Weekday-1-07:36:00
CR-Newburyport,CR-NewburyportLynnShuttleWinter-Weekday-1-08:06:00
CR-Newburyport,CR-NewburyportLynnShuttleWinter-Weekday-1-08:36:00
CR-Newburyport,CR-NewburyportLynnShuttleWinter-Weekday-1-09:06:00
CR-Newburyport,CR-NewburyportLynnShuttleWinter-Weekday-1-09:36:00
CR-Newburyport,CR-NewburyportLynnShuttleWinter-Weekday-1-10:09:00
CR-Newburyport,CR-NewburyportLynnShuttleWinter-Weekday-1-10:36:00
CR-Newburyport,CR-NewburyportLynnShuttleWinter-Weekday-1-11:06:00
CR-Newburyport,CR-NewburyportLynnShuttleWinter-Weekday-1-11:36:00
CR-Newburyport,CR-NewburyportLynnShuttleWinter-Weekday-1-12:06:00
CR-Newburyport,CR-NewburyportLynnShuttleWinter-Weekday-1-12:32:00
CR-Newburyport,CR-NewburyportLynnShuttleWinter-Weekday-1-13:06:00
CR-Newburyport,CR-NewburyportLynnShuttleWinter-Weekday-1-13:36:00
CR-Newburyport,CR-NewburyportLynnShuttleWinter-Weekday-1-14:04:00
CR-Newburyport,CR-NewburyportLynnShuttleWinter-Weekday-1-14:36:00
CR-Newburyport,CR-NewburyportLynnShuttleWinter-Weekday-1-15:06:00
CR-Newburyport,CR-NewburyportLynnShuttleWinter-Weekday-1-15:36:00
CR-Newburyport,CR-NewburyportLynnShuttleWinter-Weekday-1-16:06:00
CR-Newburyport,CR-NewburyportLynnShuttleWinter-Weekday-1-16:36:00
CR-Newburyport,CR-NewburyportLynnShuttleWinter-Weekday-1-17:03:00
CR-Newburyport,CR-NewburyportLynnShuttleWinter-Weekday-1-17:34:00
CR-Newburyport,CR-NewburyportLynnShuttleWinter-Weekday-1-18:04:00
CR-Newburyport,CR-NewburyportLynnShuttleWinter-Weekday-1-18:39:00
CR-Newburyport,CR-NewburyportLynnShuttleWinter-Weekday-1-19:09:00
CR-Newburyport,CR-NewburyportLynnShuttleWinter-Weekday-1-19:49:00
CR-Newburyport,CR-NewburyportLynnShuttleWinter-Weekday-1-20:39:00
CR-Newburyport,CR-NewburyportLynnShuttleWinter-Weekday-1-21:18:00
CR-Newburyport,CR-NewburyportLynnShuttleWinter-Weekday-1-22:03:00
CR-Newburyport,CR-NewburyportLynnShuttleWinter-Weekday-1-22:21:00
CR-Newburyport,CR-NewburyportLynnShuttleWinter-Weekday-1-23:29:00
CR-Newburyport,CR-NewburyportLynnShuttleWinter-Saturday-1-05:58:00
CR-Newburyport,CR-NewburyportLynnShuttleWinter-Saturday-1-06:58:00
CR-Newburyport,CR-NewburyportLynnShuttleWinter-Saturday-1-07:58:00
CR-Newburyport,CR-NewburyportLynnShuttleWinter-Saturday-1-08:58:00
CR-Newburyport,CR-NewburyportLynnShuttleWinter-Saturday-1-09:58:00
CR-Newburyport,CR-NewburyportLynnShuttleWinter-Saturday-1-10:58:00
CR-Newburyport,CR-NewburyportLynnShuttleWinter-Saturday-1-11:58:00
CR-Newburyport,CR-NewburyportLynnShuttleWinter-Saturday-1-12:58:00
CR-Newburyport,CR-NewburyportLynnShuttleWinter-Saturday-1-13:58:00
CR-Newburyport,CR-NewburyportLynnShuttleWinter-Saturday-1-14:58:00
CR-Newburyport,CR-NewburyportLynnShuttleWinter-Saturday-1-15:58:00
CR-Newburyport,CR-NewburyportLynnShuttleWinter-Saturday-1-16:58:00
CR-Newburyport,CR-NewburyportLynnShuttleWinter-Saturday-1-17:58:00
CR-Newburyport,CR-NewburyportLynnShuttleWinter-Saturday-1-18:58:00
CR-Newburyport,CR-NewburyportLynnShuttleWinter-Saturday-1-19:58:00
CR-Newburyport,CR-NewburyportLynnShuttleWinter-Saturday-1-20:58:00
CR-Newburyport,CR-NewburyportLynnShuttleWinter-Saturday-1-21:58:00
CR-Newburyport,CR-NewburyportLynnShuttleWinter-Saturday-1-22:28:00
CR-Newburyport,CR-NewburyportLynnShuttleWinter-Saturday-1-22:58:00
CR-Newburyport,CR-NewburyportLynnShuttleWinter-Saturday-1-23:28:00
CR-Newburyport,CR-NewburyportLynnShuttleWinter-Sunday-1-05:58:00
CR-Newburyport,CR-NewburyportLynnShuttleWinter-Sunday-1-06:58:00
CR-Newburyport,CR-NewburyportLynnShuttleWinter-Sunday-1-07:58:00
CR-Newburyport,CR-NewburyportLynnShuttleWinter-Sunday-1-08:58:00
CR-Newburyport,CR-NewburyportLynnShuttleWinter-Sunday-1-09:58:00
CR-Newburyport,CR-NewburyportLynnShuttleWinter-Sunday-1-10:58:00
CR-Newburyport,CR-NewburyportLynnShuttleWinter-Sunday-1-11:58:00
CR-Newburyport,CR-NewburyportLynnShuttleWinter-Sunday-1-12:58:00
CR-Newburyport,CR-NewburyportLynnShuttleWinter-Sunday-1-13:58:00
CR-Newburyport,CR-NewburyportLynnShuttleWinter-Sunday-1-14:58:00
CR-Newburyport,CR-NewburyportLynnShuttleWinter-Sunday-1-15:58:00
CR-Newburyport,CR-NewburyportLynnShuttleWinter-Sunday-1-16:58:00
CR-Newburyport,CR-NewburyportLynnShuttleWinter-Sunday-1-17:58:00
CR-Newburyport,CR-NewburyportLynnShuttleWinter-Sunday-1-18:58:00
CR-Newburyport,CR-NewburyportLynnShuttleWinter-Sunday-1-19:58:00
CR-Newburyport,CR-NewburyportLynnShuttleWinter-Sunday-1-20:58:00
CR-Newburyport,CR-NewburyportLynnShuttleWinter-Sunday-1-21:58:00
CR-Newburyport,CR-NewburyportLynnShuttleWinter-Sunday-1-22:28:00
CR-Newburyport,CR-NewburyportLynnShuttleWinter-Sunday-1-22:58:00
CR-Newburyport,CR-NewburyportLynnShuttleWinter-Sunday-1-23:28:00
CR-Middleborough,CR-598243-027-MDLBrainSouthDynamic2B1
CR-Middleborough,CR-598244-029-MDLBrainSouthDynamic2B1
CR-Middleborough,CR-598245-031-MDLBrainSouthDynamic2B1
CR-Middleborough,CR-595395-024-MDLBrainSouthDynamic0B1
CR-Middleborough,CR-595413-030-MDLBrainSouthDynamic0B1
CR-Middleborough,CR-595449-026-MDLBrainSouthDynamic0B1
CR-Middleborough,CR-595472-028-MDLBrainSouthDynamic0B1
CR-Kingston,CR-595457-063-KNGBrainSouthTrackDynamic2B1
CR-Kingston,CR-595456-065-KNGBrainSouthTrackDynamicB1
CR-Kingston,CR-598256-064-KNGBrainSouthTrackDynamicB1
CR-Kingston,CR-598254-060-KNGBrainSouthTrackDynamic0B1
CR-Kingston,CR-598255-062-KNGBrainSouthTrackDynamic0B1
CR-Greenbush,CR-598268-093-GRBBrainSouthTrackDynamic-1B1
CR-Greenbush,CR-598269-095-GRBBrainSouthTrackDynamic-1B1
CR-Greenbush,CR-595423-094-GRBBrainSouthTrackDynamic-1B1
CR-Greenbush,CR-595468-092-GRBBrainSouthTrackDynamic-1B1
Red,57599964-BraintreeNQuincy1
Red,57599965-BraintreeNQuincy1
Red,57599966-BraintreeNQuincy1
Red,57599967-BraintreeNQuincy1
Red,57599968-BraintreeNQuincy1
Red,57599969-BraintreeNQuincy1
Red,57599970-BraintreeNQuincy1
Red,57599971-BraintreeNQuincy1
Red,57599972-BraintreeNQuincy1
Red,57599973-BraintreeNQuincy1
Red,57599974-BraintreeNQuincy1
Red,57599975-BraintreeNQuincy1
Red,57599976-BraintreeNQuincy1
Red,57599977-BraintreeNQuincy1
Red,57599978-BraintreeNQuincy1
Red,57599979-BraintreeNQuincy1
Red,57599980-BraintreeNQuincy1
Red,57599981-BraintreeNQuincy1
Red,57599982-BraintreeNQuincy1
Red,57599983-BraintreeNQuincy1
Red,57599984-BraintreeNQuincy1
Red,57599985-BraintreeNQuincy1
Red,57599986-BraintreeNQuincy1
Red,57599987-BraintreeNQuincy1
Red,57599988-BraintreeNQuincy1
Red,57599989-BraintreeNQuincy1
Red,57599990-BraintreeNQuincy1
Red,57599991-BraintreeNQuincy1
Red,57599992-BraintreeNQuincy1
Red,57599993-BraintreeNQuincy1
Red,57599994-BraintreeNQuincy1
Red,57599995-BraintreeNQuincy1
Red,57599996-BraintreeNQuincy1
Red,57599997-BraintreeNQuincy1
Red,57599998-BraintreeNQuincy1
Red,57599999-BraintreeNQuincy1
Red,57600000-BraintreeNQuincy1
Red,57600001-BraintreeNQuincy1
Red,57600002-BraintreeNQuincy1
Red,57600003-BraintreeNQuincy1
Red,57600004-BraintreeNQuincy1
Red,57600005-BraintreeNQuincy1
Red,57600006-BraintreeNQuincy1
Red,57600007-BraintreeNQuincy1
Red,57600008-BraintreeNQuincy1
Red,57600009-BraintreeNQuincy1
Red,57600010-BraintreeNQuincy1
Red,57600011-BraintreeNQuincy1
Red,57600012-BraintreeNQuincy1
Red,57600013-BraintreeNQuincy1
Red,57600015-BraintreeNQuincy1
Red,57600016-BraintreeNQuincy1
Red,57600017-BraintreeNQuincy1
Red,57599911-BraintreeNQuincy1
Red,57599912-BraintreeNQuincy1
Red,57599913-BraintreeNQuincy1
Red,57599914-BraintreeNQuincy1
Red,57599915-BraintreeNQuincy1
Red,57599916-BraintreeNQuincy1
Red,57599917-BraintreeNQuincy1
Red,57599918-BraintreeNQuincy1
Red,57599919-BraintreeNQuincy1
Red,57599920-BraintreeNQuincy1
Red,57599921-BraintreeNQuincy1
Red,57599922-BraintreeNQuincy1
Red,57599923-BraintreeNQuincy1
Red,57599924-BraintreeNQuincy1
Red,57599925-BraintreeNQuincy1
Red,57599926-BraintreeNQuincy1
Red,57599927-BraintreeNQuincy1
Red,57599928-BraintreeNQuincy1
Red,57599929-BraintreeNQuincy1
Red,57599930-BraintreeNQuincy1
Red,57599931-BraintreeNQuincy1
Red,57599932-BraintreeNQuincy1
Red,57599933-BraintreeNQuincy1
Red,57599934-BraintreeNQuincy1
Red,57599935-BraintreeNQuincy1
Red,57599936-BraintreeNQuincy1
Red,57599937-BraintreeNQuincy1
Red,57599938-BraintreeNQuincy1
Red,57599939-BraintreeNQuincy1
Red,57599940-BraintreeNQuincy1
Red,57599941-BraintreeNQuincy1
Red,57599942-BraintreeNQuincy1
Red,57599943-BraintreeNQuincy1
Red,57599944-BraintreeNQuincy1
Red,57599945-BraintreeNQuincy1
Red,57599946-BraintreeNQuincy1
Red,57599947-BraintreeNQuincy1
Red,57599948-BraintreeNQuincy1
Red,57599949-BraintreeNQuincy1
Red,57599950-BraintreeNQuincy1
Red,57599951-BraintreeNQuincy1
Red,57599952-BraintreeNQuincy1
Red,57599953-BraintreeNQuincy1
Red,57599954-BraintreeNQuincy1
Red,57599955-BraintreeNQuincy1
Red,57599956-BraintreeNQuincy1
Red,57599957-BraintreeNQuincy1
Red,57599958-BraintreeNQuincy1
Red,57599959-BraintreeNQuincy1
Red,57599960-BraintreeNQuincy1
Red,57599961-BraintreeNQuincy1
Red,57599962-BraintreeNQuincy1
Red,57599963-BraintreeNQuincy1
Red,57599633-BraintreeNQuincy1
Red,57599634-BraintreeNQuincy1
Red,57599635-BraintreeNQuincy1
Red,57599636-BraintreeNQuincy1
Red,57599660-BraintreeNQuincy1
Red,57599661-BraintreeNQuincy1
Red,57599662-BraintreeNQuincy1
Red,57599663-BraintreeNQuincy1
Red,57599664-BraintreeNQuincy1
Red,57599665-BraintreeNQuincy1
Red,57599667-BraintreeNQuincy1
Red,57599668-BraintreeNQuincy1
Red,57599669-BraintreeNQuincy1
Red,57599670-BraintreeNQuincy1
Red,57599671-BraintreeNQuincy1
Red,57599672-BraintreeNQuincy1
Red,57599697-BraintreeNQuincy1
Red,57599707-BraintreeNQuincy1
Red,57599708-BraintreeNQuincy1
Red,57599710-BraintreeNQuincy1
Red,57599711-BraintreeNQuincy1
Red,57599712-BraintreeNQuincy1
Red,57599713-BraintreeNQuincy1
Red,57599714-BraintreeNQuincy1
Red,57599715-BraintreeNQuincy1
Red,57599716-BraintreeNQuincy1
Red,57599717-BraintreeNQuincy1
Red,57599718-BraintreeNQuincy1
Red,57599719-BraintreeNQuincy1
Red,57599728-BraintreeNQuincy1
Red,57599729-BraintreeNQuincy1
Red,57599730-BraintreeNQuincy1
Red,57599733-BraintreeNQuincy1
Red,57599743-BraintreeNQuincy1
Red,57599744-BraintreeNQuincy1
Red,57599745-BraintreeNQuincy1
Red,57599747-BraintreeNQuincy1
Red,57599748-BraintreeNQuincy1
Red,57599766-BraintreeNQuincy1
Red,57599767-BraintreeNQuincy1
Red,57599768-BraintreeNQuincy1
Red,57599769-BraintreeNQuincy1
Red,57599770-BraintreeNQuincy1
Red,57599771-BraintreeNQuincy1
Red,57599772-BraintreeNQuincy1
Red,57599773-BraintreeNQuincy1
Red,57599774-BraintreeNQuincy1
Red,57599781-BraintreeNQuincy1
Red,57599782-BraintreeNQuincy1
Red,57599783-BraintreeNQuincy1
Red,57599784-BraintreeNQuincy1
Red,57599643-BraintreeNQuincy1
Red,57599644-BraintreeNQuincy1
Red,57599652-BraintreeNQuincy1
Red,57599653-BraintreeNQuincy1
Red,57599654-BraintreeNQuincy1
Red,57599655-BraintreeNQuincy1
Red,57599656-BraintreeNQuincy1
Red,57599657-BraintreeNQuincy1
Red,57599658-BraintreeNQuincy1
Red,57599659-BraintreeNQuincy1
Red,57599666-BraintreeNQuincy1
Red,57599688-BraintreeNQuincy1
Red,57599689-BraintreeNQuincy1
Red,57599690-BraintreeNQuincy1
Red,57599691-BraintreeNQuincy1
Red,57599692-BraintreeNQuincy1
Red,57599693-BraintreeNQuincy1
Red,57599694-BraintreeNQuincy1
Red,57599695-BraintreeNQuincy1
Red,57599696-BraintreeNQuincy1
Red,57599698-BraintreeNQuincy1
Red,57599699-BraintreeNQuincy1
Red,57599700-BraintreeNQuincy1
Red,57599701-BraintreeNQuincy1
Red,57599702-BraintreeNQuincy1
Red,57599703-BraintreeNQuincy1
Red,57599704-BraintreeNQuincy1
Red,57599705-BraintreeNQuincy1
Red,57599706-BraintreeNQuincy1
Red,57599709-BraintreeNQuincy1
Red,57599722-BraintreeNQuincy1
Red,57599723-BraintreeNQuincy1
Red,57599724-BraintreeNQuincy1
Red,57599725-BraintreeNQuincy1
Red,57599726-BraintreeNQuincy1
Red,57599727-BraintreeNQuincy1
Red,57599756-BraintreeNQuincy1
Red,57599757-BraintreeNQuincy1
Red,57599758-BraintreeNQuincy1
Red,57599759-BraintreeNQuincy1
Red,57599760-BraintreeNQuincy1
Red,57599761-BraintreeNQuincy1
Red,57599762-BraintreeNQuincy1
Red,57599763-BraintreeNQuincy1
Red,57599764-BraintreeNQuincy1
Red,57599765-BraintreeNQuincy1
Red,57599776-BraintreeNQuincy1
Red,57599777-BraintreeNQuincy1
Red,57599778-BraintreeNQuincy1
Red,57599779-BraintreeNQuincy1
Red,57599780-BraintreeNQuincy1
Red,57599505-20:45-BraintreeNQuincy1
Red,57599506-20:45-BraintreeNQuincy1
Red,57599507-20:45-BraintreeNQuincy1
Red,57599508-20:45-BraintreeNQuincy1
Red,57599509-20:45-BraintreeNQuincy1
Red,57599510-20:45-BraintreeNQuincy1
Red,57599511-20:45-BraintreeNQuincy1
Red,57599512-20:45-BraintreeNQuincy1
Red,57599513-20:45-BraintreeNQuincy1
Red,57599514-20:45-BraintreeNQuincy1
Red,57599515-20:45-BraintreeNQuincy1
Red,57599516-20:45-BraintreeNQuincy1
Red,57599517-20:45-BraintreeNQuincy1
Red,57599395-20:45-BraintreeNQuincy1
Red,57599449-20:45-BraintreeNQuincy1
Red,57599450-20:45-BraintreeNQuincy1
Red,57599451-20:45-BraintreeNQuincy1
Red,57599452-20:45-BraintreeNQuincy1
Red,57599453-20:45-BraintreeNQuincy1
Red,57599454-20:45-BraintreeNQuincy1
Red,57599455-20:45-BraintreeNQuincy1
Red,57599456-20:45-BraintreeNQuincy1
Red,57599457-20:45-BraintreeNQuincy1
